-5870,75
-5828,78
-5776,98
-5714,104
-5666,122
-5594,94
-5592,-10
-5600,-64
-5600,-116
-5600,-170
-5598,-296
-5454,-296
-5574,-316
-5624,-262
-5396,-300
-5344,-300
-5274,-298
-5200,-296
-5142,-300
-5086,-312
-4998,-302
-4986,-202
-5004,-138
-5022,-72
-4998,0
-4904,12
-4848,2
-4802,2
-4636,-36
-4618,-76
-4442,-200
-4374,-200
-4304,-192
-4256,-176
-4200,-196
-4176,-254
-4192,-308
-4200,-376
-4084,-704
-4206,-530
-4156,-680
-3934,-700
-3904,-662
-3880,-524
-3844,-490
-3798,-354
-3828,-250
-3808,-196
-3800,-138
-3796,-76
-3798,2
-3798,84
-3798,160
-3822,256
-3798,300
-3746,326
-3692,306
-3640,298
-3580,302
-3502,292
-3402,288
-3338,300
-3258,302
-3198,312
-3140,326
-2974,312
-2986,366
-2916,320
-44,-688
-2976,402
-88,-708
150,-972
236,-974
348,-1022
466,-978
558,-1026
642,-974
794,-1004
800,-1080
800,-1140
798,-1214
804,-1292
878,-1296
950,-1322
1052,-1278
1112,-1274
1168,-1274
1250,-1276
1348,-1326
1448,-1274
1600,-1304
1600,-1364
1598,-1484
1594,-1608
1596,-1710
1804,-1792
2140,-1798
2314,-1798
2488,-1800
2380,-1796
2562,-1800
1978,-1794
2850,-1998
2850,-1606
2798,-1642
2800,-1946
3974,-1800
