40,0
0,-156
20,-220
86,-288
98,-330
96,-368
96,-408
92,-508
12,-588
54,-546
-2,-670
-16,-714
-52,-750
-82,-786
-118,-798
-208,-810
-166,-802
-264,-864
-292,-900
-298,-952
-352,-1050
-396,-1188
-396,-1248
-400,-1324
-398,-1378
-398,-1434
-400,-1488
-400,-1534
-442,-1640
-564,-1698
-614,-1698
-666,-1702
-746,-1746
-790,-1796
92,-1006
146,-1048
198,-1122
240,-1236
406,-1308
292,-1286
528,-1298
580,-1298
644,-1258
670,-1232
698,-1146
680,-1082
458,-986
464,-904
414,-940
396,-876
326,-886
348,-844
726,-900
788,-894
860,-842
900,-758
912,-696
944,-654
982,-618
296,-684
306,-622
334,-562
382,-512
466,-1464
504,-1494
566,-1500
638,-1498
708,-1500
788,-1492
834,-1460
920,-1404
966,-1396
1050,-1350
1100,-1270
1102,-1222
1248,-950
1128,-1040
1346,-1048
1358,-1244
1312,-1290
1302,-1348
1296,-1394
1654,-1346
1752,-1296
1816,-1298
1702,-1308
2162,-1360
2202,-1388
2256,-1398
2314,-1402
2352,-1402
2400,-1406
2458,-1394
2546,-1352
2642,-1300
2690,-1294
2756,-1246
2800,-1154
2804,-1108
2800,-1070
2802,-1028
2800,-986
2800,-936
2804,-884
2800,-840
2800,-780
2802,-728
2804,-672
2780,-586
2756,-550
2716,-514
2558,-942
2598,-848
2562,-766
2512,-698
2502,-640
2462,-564
2698,-442
2670,-370
2612,-316
2546,-300
2484,-318
2442,-356
2412,-400
2402,-452
2420,-518
2190,-1198
2246,-1200
1846,-1138
1804,-1088
1802,-1024
1832,-968
1870,-932
1924,-904
1982,-902
2090,-890
2214,-902
2270,-900
2318,-920
2364,-960
2404,-990
2456,-998
2508,-984
1140,-504
1208,-424
1194,-484
1192,-540
1148,-558
1248,-462
1284,-482
1304,-300
1304,-242
1284,-190
1248,-142
1202,-108
1142,-102
1084,-114
1042,-154
1002,-190
952,-200
936,-2
890,-18
854,-48
820,-86
798,-190
668,-166
626,-124
202,8
194,112
192,168
316,-2
380,0
442,-36
482,-76
536,-98
584,-106
182,212
120,280
1702,-3724
1698,-3892
1700,-3834
1702,-3774
1702,-3958
1706,-4008
1700,-4056
1704,-4434
1692,-4678
1722,-4888
2188,-4884
1490,-5282
2016,-5288
1482,-5614
1686,-5480
2086,-5380
1908,-4934
1908,-4934
1908,-4934
2110,-5518
2188,-5482
1890,-6080
1740,-7438
1698,-6948
1698,-7200
1702,-7240
1678,-6308
1790,-7494
1702,-7356
1700,-7000
1702,-7102
1702,-7150
1700,-7042
1702,-7302
1802,-7580
1804,-7632
1770,-7730
1686,-7796
1634,-7800
1572,-7798
1522,-7798
1462,-7798
1406,-7806
1358,-7840
1310,-7894
1302,-7954
1304,-8008
1302,-8058
1304,-8120
1292,-8166
1730,-7768
1354,-8254
1320,-8218
