266,442
216,416
166,358
156,266
184,222
236,158
206,172
232,30
200,-10
156,-22
-6,64
-16,124
-376,82
-410,36
-426,-16
-410,-210
-384,-258
-364,-298
-338,-348
-292,-390
-250,-406
-210,-412
-164,-416
-112,-418
-60,-408
334,-438
394,-422
454,-440
538,-446
564,-446
736,-450
768,-444
1032,-430
952,-434
988,-428
1008,-432
1062,-442
1196,-414
1248,-266
1248,-224
1236,-48
1174,32
1226,-18
1194,10
1174,176
1212,222
1338,242
1360,236
1406,230
1444,232
1636,232
1688,210
1728,196
1784,202
1834,202
1874,228
1916,256
1940,302
1958,362
1970,420
1978,476
1978,530
1992,584
2002,632
2016,682
2202,882
2028,736
2052,782
2068,826
2248,864
2100,860
2272,836
2318,804
2370,770
2402,734
2486,646
2432,704
2444,476
2406,434
2380,400
2356,344
2352,292
2368,236
2574,166
2456,160
2636,166
2550,166
2602,174
2750,154
2802,180
2940,240
3020,168
3150,160
3190,194
3206,234
3380,224
3410,202
3432,170
3444,76
3400,28
3380,-2
3364,-44
3370,-170
3390,-200
3586,-228
3634,-236
3668,-242
3782,-226
3850,-164
3816,-188
3990,-184
4024,-218
3980,-398
3962,-450
4024,-624
4154,-632
4180,-624
4230,-634
4278,-642
4386,-596
4372,-626
4410,-618
4416,-574
4624,-616
4642,-650
4566,-832
4618,-758
4588,-778
4572,-822
4560,-864
4590,-1046
4604,-1092
4628,-1048
4798,-1120
4806,-1160
4810,-1210
4654,-1096
4682,-1060
4760,-1080
4818,-1246
4798,-1280
4838,-1294
4798,-1318
4762,-1340
4870,-1322
4834,-1340
4872,-1386
4914,-1374
4982,-1310
4988,-1264
4994,-1220
4980,-1188
4972,-1154
4946,-1128
4944,-1090
4928,-1046
4962,-1030
4896,-1010
4868,-980
4912,-950
4946,-1006
4948,-966
4982,-996
4996,-964
4960,-926
5006,-910
4968,-880
4992,-860
4978,-820
5126,-552
5382,-832
5386,-896
5366,-948
5318,-980
5268,-1004
5220,-992
5208,-928
5268,-924
5326,-902
5098,-598
5088,-562
4972,-424
4992,-396
5038,-364
5186,-414
5214,-418
5264,-442
5240,-434
5376,-426
5422,-382
5388,-170
5434,-226
5414,-198
5378,-14
5414,24
5396,10
5540,40
5588,32
5638,32
5610,28
5816,-30
5866,-42
5790,-10
5966,-32
6004,-6
6030,210
6026,410
6006,608
6028,586
5982,622
6196,828
6014,818
6058,842
6166,834
6226,802
6250,764
6298,752
6344,754
6388,780
6422,820
6434,992
6394,986
6410,1028
6368,1026
6358,1068
6404,1218
6378,1186
6544,1240
6588,1234
6954,748
6948,686
6958,638
6990,610
7016,576
7060,556
7114,554
7156,556
7164,608
7198,578
7212,632
7258,634
7328,650
7376,650
7432,650
7490,652
7554,646
7044,1158
