275,-960
205,-880
300,-835
305,-780
140,-800
30,-815
-55,-760
45,-765
-45,-660
-135,-675
-55,-565
155,-595
255,-585
340,-580
355,-465
160,-365
-5,-400
-200,-605
-155,-555
-430,-560
-30,-305
135,-270
445,-365
355,-295
325,-200
415,-195
455,-280
555,-285
645,-50
350,20
390,95
415,195
545,145
540,205
640,215
730,265
775,160
800,265
835,-55
60,-315
455,125
-90,80
-20,165
-125,205
-55,265
-150,310
-35,360
-205,380
-145,430
-20,430
-55,480
30,510
50,595
120,635
110,700
185,685
185,765
280,760
295,820
360,920
385,1000
395,1070
375,1155
420,1125
-175,685
-230,640
-1160,535
-1135,445
-1135,355
-1085,300
-1015,80
-1020,-5
-1085,-30
-1075,-100
-1110,-165
-1080,-240
-1095,-310
-1065,-365
-1010,-435
-935,-460
-915,-535
-865,-495
-820,-520
-750,-500
-310,605
