-640,180
-750,165
-740,-32
-697,-135
-577,-162
-610,-95
-532,112
-250,30
-222,-170
-335,145
-410,40
-455,-17
-587,-260
-432,-280
-402,-95
-292,-250
-267,-355
-252,-300
-147,-352
-190,-407
275,-220
192,-150
-102,-447
175,-202
337,-117
220,-32
302,57
125,72
297,180
97,247
225,170
312,402
152,362
420,427
570,302
502,570
610,167
620,67
532,455
682,547
725,530
647,410
692,327
730,280
797,407
890,292
707,120
700,217
680,5
790,-22
845,102
792,177
970,195
900,67
1002,-27
1040,107
1230,160
1197,-37
1172,45
1155,142
1290,40
1317,92
1440,110
1317,227
1337,317
1452,257
1332,382
1437,397
1475,435
1457,537
1362,487
1255,552
1330,612
1237,705
1425,675
1362,775
1247,800
1480,752
1445,840
1617,910
1552,1002
1537,792
1725,960
1750,997
1780,812
1822,872
1865,952
1920,1070
1732,1077
1660,1062
1990,1030
1975,910
1872,780
2025,785
2092,890
2060,995
2180,912
2130,780
1847,640
1915,685
2027,680
2087,662
2275,667
2372,507
2355,307
2210,175
2285,475
2135,385
2192,505
2275,372
2027,542
1967,575
2007,445
1970,297
1852,545
1805,405
1917,350
1812,257
2025,352
2140,267
-715,60
-335,-320
-472,-325
-157,-507
352,42
302,275
2215,850
1755,462
2212,297
2332,245
