440,-705
0,-1220
-30,-1265
-40,-1300
435,-980
400,-345
355,-490
355,-535
445,-925
440,-650
375,-565
455,-890
475,-770
440,-750
850,-245
15,-1170
355,-450
385,-410
15,-1120
900,-275
870,-345
935,-330
965,-385
925,-425
875,-395
975,-440
1005,-480
1040,-510
965,-475
1080,-545
1140,-550
1195,-550
1260,-640
1240,-595
1200,-580
1105,-550
1295,-690
1245,-685
1260,-730
1205,-760
1260,-780
1230,-820
1260,-855
1285,-890
1255,-920
1310,-930
1245,-980
1305,-975
1355,-970
1375,-1025
1315,-1040
1255,-1035
1210,-1040
1240,-1075
1395,-1080
1410,-1060
1175,-1095
1215,-1130
1165,-1150
1165,-1185
1160,-1230
1165,-1285
1190,-1325
1220,-1355
1260,-1385
1295,-1420
1340,-1445
1385,-1455
1335,-1490
1290,-1470
1250,-1435
1210,-1405
1180,-1375
1425,-1425
1470,-1395
1510,-1410
1565,-1410
1615,-1415
1600,-1365
1550,-1365
1515,-1360
1485,-1310
1550,-1310
1510,-1255
1470,-1240
1450,-1230
1435,-1190
1660,-1420
1695,-1450
1745,-1450
1805,-1415
1850,-1390
1890,-1365
1855,-1345
1900,-1305
1955,-1295
1995,-1315
2040,-1335
2070,-1370
2120,-1380
2145,-1420
2150,-1465
2165,-1505
2190,-1620
2185,-1670
2235,-1700
2210,-1735
2290,-1730
2255,-1770
2305,-1785
2355,-1775
2380,-1730
2410,-1730
2445,-1710
2500,-1705
2545,-1670
2575,-1640
2585,-1595
2485,-1655
2530,-1630
2500,-1590
2555,-1570
2590,-1540
2540,-1515
2545,-1465
2550,-1415
2555,-1360
2550,-1315
2540,-1260
2550,-1205
2530,-1155
2580,-1165
2630,-1140
2680,-1135
2585,-1120
2660,-1100
2615,-1070
2680,-1045
2610,-1015
2650,-980
2595,-965
2630,-930
2575,-920
2605,-880
2545,-890
2595,-835
2540,-830
2520,-790
2580,-780
2475,-760
2540,-745
2490,-730
2535,-680
2485,-685
2445,-700
2510,-645
2540,-610
2535,-570
2560,-510
2585,-460
2585,-405
2575,-355
2565,-310
2615,-315
2615,-265
2655,-265
2650,-230
2690,-225
2715,-180
2755,-160
2800,-135
2850,-150
2995,-150
2900,-135
2940,-140
3045,-160
3020,-200
3075,-205
3120,-235
3165,-245
3075,-260
3075,-295
3050,-335
3040,-375
3015,-420
3000,-470
3010,-515
3020,-560
3015,-615
2965,-610
2975,-655
2925,-655
2925,-705
2880,-695
2905,-730
2870,-770
2845,-735
2820,-770
2860,-820
2855,-865
2820,-840
2785,-795
2855,-910
2890,-915
2895,-945
2945,-940
3000,-950
2960,-990
3005,-1010
3005,-1045
3005,-1085
3015,-1125
3015,-1170
3010,-1225
2980,-1185
2975,-1260
2935,-1305
2935,-1255
2880,-1285
2900,-1340
2855,-1330
2860,-1380
2825,-1420
2805,-1460
2845,-1495
2850,-1530
2890,-1535
2940,-1545
2965,-1575
3000,-1565
3010,-1615
3045,-1605
3145,-1690
3200,-1695
3255,-1710
3285,-1750
3310,-1810
3235,-1755
3270,-1800
3315,-1870
3315,-1915
3300,-1965
3340,-1985
3360,-2020
3365,-2065
3355,-2110
3315,-2080
3315,-2025
3250,-1955
3270,-2000
3270,-2050
3220,-2045
3165,-2040
3150,-2075
3190,-1730
3285,-1845
3285,-1925
3235,-4590
3450,-4685
3335,-4780
3360,-4835
3305,-4835
3280,-4795
3270,-4840
3406,-4544
3312,-5486
3298,-5184
3362,-5514
3384,-5548
3402,-5594
