1000,-1285
1075,-1360
975,-1365
875,-1310
785,-1290
685,-1300
595,-1280
510,-1285
435,-1305
355,-1315
290,-1315
235,-1340
1340,-560
1305,-465
1285,-375
1225,-440
835,-1210
810,-1100
845,-940
840,-1030
1135,-455
1035,-480
955,-560
895,-630
905,-710
895,-790
830,-845
760,-975
735,-1045
715,-1125
725,-1220
1200,-360
1115,-370
1025,-390
930,-445
880,-525
635,-1190
820,-710
140,-1370
60,-1325
-25,-1305
-65,-1230
-120,-1170
-115,-1095
-105,-1030
-80,-1000
15,-995
100,-985
190,-940
-45,-1140
30,-1230
30,-1095
50,-1155
135,-1265
110,-1065
155,-1160
225,-1235
180,-1050
230,-1135
300,-1210
385,-1230
455,-1215
545,-1180
255,-855
270,-960
280,-1065
345,-1120
445,-1130
350,-1025
430,-1050
595,-1100
640,-1030
515,-1065
335,-915
405,-945
485,-970
390,-660
190,-585
225,-485
340,-450
445,-470
315,-825
405,-840
470,-875
575,-965
665,-935
545,-875
710,-845
420,-750
525,-800
615,-795
730,-755
490,-710
465,-590
545,-655
635,-695
745,-670
525,-535
615,-610
735,-585
555,-470
665,-515
790,-500
100,-515
150,-470
-30,-430
55,-395
140,-365
225,-340
285,-265
310,-355
445,-380
380,-290
340,-165
470,-290
580,-360
695,-420
850,-405
325,-80
305,5
-160,-435
-255,-450
-330,-435
-410,-400
-455,-405
-405,-445
-325,-30
-275,25
-250,110
-355,100
-420,35
-425,100
-540,125
-1110,-465
-1040,-420
-1195,-420
-1250,-470
-1315,-390
-1395,-395
-1415,-315
-1480,-255
-1500,-385
-1590,-215
260,95
215,170
180,245
210,355
270,440
365,415
300,375
270,270
315,185
360,85
410,-25
420,-120
490,-195
470,400
385,330
395,225
475,165
450,55
485,-25
530,-115
570,-210
620,-280
770,-355
480,280
550,330
565,225
570,110
580,15
615,-85
660,-175
785,-230
900,-310
720,-105
665,5
660,165
635,270
745,290
855,260
960,290
920,210
815,190
730,100
775,0
825,-140
905,-195
990,-280
1080,-275
820,90
855,-45
950,-125
1295,-285
1195,-275
1060,-180
1135,-175
1245,-205
1210,-115
1070,-70
995,-15
965,90
1080,50
1040,155
1170,-10
1075,245
1050,340
2200,890
1865,1365
2000,1040
1825,1205
1310,675
1357,657
1277,850
1380,795
1525,692
1640,665
1545,765
1430,890
1337,992
1777,752
1685,830
1565,945
1450,1045
1700,1530
1530,1635
1410,1160
1560,1090
1675,975
1780,840
1910,782
1257,1365
1430,1290
1575,1210
1685,1105
1790,985
1880,880
2087,712
2035,835
1320,1485
1365,1270
2190,680
2335,745
1490,1440
1670,1350
1350,1655
1350,1845
1290,2020
1335,2220
1345,2395
1260,2605
1385,2775
1545,1830
1455,2040
1540,2220
1525,2415
1480,2605
1370,2955
1515,3050
1535,2860
1680,3035
1860,3070
2045,3060
2190,3045
1625,2710
1665,2535
1675,2330
1655,2050
1730,1835
1800,1680
1660,1690
1750,2860
1790,2700
1855,2490
1865,2240
1805,2040
1915,1860
1915,1525
1265,1940
1295,2510
2025,1245
2190,1060
2075,1415
2020,1705
1995,2055
1960,2860
1945,2670
2000,2475
2035,2260
1845,2365
2105,1915
2090,2870
2120,2680
2140,2485
2235,2285
2155,2085
2185,1735
2390,3045
2275,2865
2290,2675
2305,2505
2180,1585
1695,2175
2435,2880
1320,2760
2270,1925
2290,2115
2400,2300
2175,1225
2245,1405
2530,760
2390,920
2375,1125
2375,1315
2385,1495
2380,1720
2450,1910
2500,2105
2460,2655
2495,2475
2550,3060
2725,780
2570,925
2545,1115
2575,1310
2585,1500
2545,1700
2660,1920
2585,2290
2595,2865
2710,3055
2625,2685
2665,2475
2695,2110
2932,722
2815,652
2750,945
2760,1120
2715,1320
2730,1485
2720,1715
2860,1930
2800,2285
2890,2110
2910,1735
2895,1525
2910,1345
2925,1150
2885,945
3070,845
3195,755
3060,1010
3070,1180
3060,1370
3060,1550
3080,1730
2775,2880
2810,2670
3345,715
3467,692
3630,757
3565,875
3385,860
3255,960
3270,1155
3235,1380
3425,1085
3630,1060
3720,1220
3530,1220
3430,1300
3730,1455
3560,1385
3405,1490
3250,1580
3560,1575
3735,1640
3425,1675
3290,1765
3560,1785
3010,1915
3060,2090
3185,1915
2815,2480
2950,2280
3722,1845
3355,1950
3530,1975
3710,2025
3230,2110
3115,2265
3005,2460
3685,2200
3450,2115
2900,3060
2925,2875
2975,2665
3290,2280
3460,2295
3680,2365
3190,2460
3330,2445
3120,2650
3075,2850
3480,2470
3255,2630
3640,2510
3055,3070
3380,2655
3690,2685
3560,2720
3215,3085
3235,2845
3385,2840
3385,3050
2440,1590
2700,2235
2120,2360
-1675,-145
-1695,-55
-1760,-125
-1825,-215
-1640,-300
-1750,10
-1625,355
-1660,410
-1670,450
-1920,140
-2065,75
-2100,-100
-1900,-290
-2015,-330
-1945,-365
-1935,500
-2025,485
-1965,605
-2025,665
-1605,-420
-1660,-480
-1675,-385
-1785,-305
-1785,-405
-2015,-440
-2000,-550
-1920,-475
-1705,-570
-1705,-650
-1795,-605
-1890,-585
-1990,-630
-1980,-710
-1880,-805
-1885,-685
-1805,-795
-1805,-720
-1710,-750
-1635,-820
-1690,-1175
-1685,-1255
-1765,-1210
-1845,-1210
-1830,-1290
-1615,-855
-1690,-830
-2015,-680
-1740,-490
-1855,-400
