-70,-1425
-175,-1470
-275,-1420
-385,-1430
-345,-1410
-525,-1360
-490,-1040
-390,-1005
-460,-995
0,-1130
-80,-1105
-150,-1050
95,-1140
165,-1060
195,-985
190,-910
125,-845
85,-775
10,-795
-40,-755
-105,-685
-165,-620
-245,-595
-625,-665
-285,-545
-200,-495
-240,-440
-830,-415
-165,-405
-55,-335
-15,-250
70,-300
90,-230
155,-185
175,-285
260,-320
340,-300
425,-350
455,-280
525,-230
605,-185
595,-125
275,280
235,70
325,90
165,105
315,185
90,165
420,85
115,260
205,205
250,710
345,750
360,845
295,795
450,800
540,810
640,825
705,910
750,980
730,1070
730,1150
670,1210
