461,-507
441,-262
371,-242
471,-197
471,-72
426,-472
381,-577
416,78
451,118
416,188
291,168
346,208
216,168
81,93
36,33
-9,-27
-29,-82
-34,-192
-14,-227
-79,-297
411,258
336,273
256,253
166,233
266,328
191,358
91,268
86,213
51,153
1,188
6,103
-69,98
-79,-32
-144,153
-224,178
-139,73
-154,3
-339,278
-274,203
-364,343
-419,463
-464,533
-184,73
-234,-7
-314,38
-294,123
-364,138
-409,203
-419,283
-454,348
-529,413
-479,458
-504,333
-489,208
-544,113
-584,53
-624,-12
-469,68
-679,-82
-729,-137
-724,-212
-644,-182
-584,-122
-549,-57
-504,-7
-419,8
-609,-327
-639,-257
-569,-232
-519,-172
-499,-257
-534,-347
-454,-377
-434,-297
-374,-357
-319,-362
-154,-287
-239,-282
-359,-277
-384,-197
-424,-127
-354,-62
-134,-152
-189,-212
-264,-167
-309,-92
-179,-102
-1094,-252
-1144,-197
-1204,-137
-1264,-77
-1379,-127
-1334,-62
-1489,-132
-1474,8
-1399,-7
-1479,128
-1394,143
-1339,58
-1254,28
-1134,-77
-1074,-37
-1159,8
-1194,88
-1079,53
-1519,168
-1484,238
-1459,293
-1399,223
-1444,178
-1324,163
-1199,158
-1264,208
-1314,268
-1329,318
-1019,98
-1104,138
-974,148
-1044,188
-1139,203
-1209,238
-1259,368
-1159,343
-1149,278
-999,258
-944,208
-1024,353
-974,328
-889,273
-839,323
-924,363
-894,463
-854,413
-774,403
-879,533
-814,473
-694,443
-629,468
-569,483
-759,593
-724,518
-649,558
-594,613
-539,533
-569,668
-634,718
-644,663
-709,778
-869,858
-769,768
-734,683
