350,-1660
440,-1570
580,-1530
600,-1420
780,-1250
890,-1170
770,-1070
700,-990
590,-960
520,-870
770,-1170
440,-800
350,-740
470,-670
320,-630
410,-580
560,-540
420,-470
590,-460
690,-430
730,-320
740,-210
640,-170
630,-290
490,-400
540,-210
510,-290
360,-390
400,-300
360,-230
500,-1490
510,-1580
370,-1530
870,-1230
870,-1090
250,-240
200,-180
90,-230
0,-220
80,-110
90,-10
50,80
120,130
40,210
-70,230
-100,300
-220,280
-340,290
-400,390
-360,500
-290,390
-170,380
-160,490
-280,540
-140,600
-60,660
30,730
110,800
190,880
-160,1110
-240,1180
-320,1260
-330,1350
-270,1430
-210,1520
-240,1620
-340,1650
-320,1520
-390,1570
-440,1490
-360,1430
-410,1320
-510,1320
-500,1400
-620,1290
-590,1360
-700,1360
-710,1300
-790,1330
-890,1280
-880,1390
-990,1250
-970,1350
-1070,1320
110,860
-1050,1160
-1090,1070
-1100,970
-1220,1220
-1180,1320
-1170,1430
-1300,1140
-1360,1050
-1460,1020
-1560,1020
-1620,930
-1620,820
-1540,910
-1420,920
-1330,950
-1280,1020
-1160,1150
-1060,1530
-1180,1540
-1100,1610
-1240,1620
-1120,1710
-1210,1690
-1110,1430
-1290,1680
-1190,1790
-1280,1780
-970,1430
-240,360
-240,460
130,-150
0,-160
-320,-200
420,-740
380,-660
570,-380
750,-400
680,-240
460,-230
270,-200
490,-560
430,-1630
