1270,-130
1390,-110
1330,-30
1170,-90
1230,-15
1275,65
1080,-45
1160,10
1210,100
1285,130
1285,195
1015,-30
940,-5
850,-5
765,-25
685,-35
610,-50
1080,35
1160,170
1085,105
990,85
1270,255
1150,400
1085,410
990,310
990,215
1030,165
895,290
920,200
900,80
850,160
790,45
690,50
605,25
760,125
780,200
815,295
755,350
700,415
620,400
680,325
690,225
670,130
590,175
610,275
525,335
510,-80
420,-85
370,-50
505,40
350,55
420,100
475,170
465,425
375,450
285,460
200,455
500,220
415,325
400,230
345,150
270,210
325,280
320,350
225,325
220,265
110,470
145,335
60,330
-15,305
40,440
0,385
-60,430
-70,370
-110,420
-290,475
-355,525
-410,525
-395,445
-465,380
-470,455
-555,405
-520,325
-530,240
-670,385
-600,350
-545,130
-550,25
-540,-45
-630,255
-735,290
-775,245
-800,195
-720,135
-645,120
-645,40
-605,-110
-660,-65
-685,-130
-700,-225
-790,-210
-885,-255
-980,-215
-1060,-145
-1190,-335
-1250,-305
-1220,-50
-1305,-25
-1390,-15
-1340,-105
-1360,-160
-1435,-105
-1500,-45
-1560,-105
-1705,-195
-1780,5
-1790,-150
-1830,-60
-1860,50
-1925,110
-1990,150
-2075,135
-2125,100
-1945,0
-1875,-110
-1010,-250
-875,-220
-1555,-45
-685,205
-1995,60
1105,485
1110,535
1135,590
1070,785
1525,515
1570,475
1650,505
1090,875
1160,910
1240,975
1305,1015
1370,1030
1315,1075
1590,895
1700,880
1630,815
1725,745
1665,725
1755,670
1750,625
1685,660
1610,585
1705,550
